324, 269
324, 274
325, 276
325, 279
325, 281
325, 282
325, 283
325, 285
325, 286
325, 287
327, 291
328, 294
328, 297
328, 299
328, 302
328, 303
329, 305
329, 307
329, 308
332, 310
333, 313
336, 315
337, 318
338, 319
339, 320
340, 321
340, 322
340, 324
344, 326
346, 327
350, 330
354, 331
357, 333
359, 335
361, 336
362, 337
364, 337
364, 338
367, 338
370, 341
373, 342
374, 342
376, 343
379, 343
382, 343
383, 343
386, 343
388, 343
391, 342
394, 342
395, 341
397, 339
399, 338
400, 337
402, 336
403, 335
405, 333
406, 331
408, 327
410, 325
412, 321
413, 319
413, 318
414, 315
416, 313
417, 310
418, 309
419, 307
422, 303
422, 302
423, 299
424, 297
425, 294
427, 292
428, 290
428, 288
428, 287
428, 286
428, 285
428, 283
428, 282
428, 281
428, 280
428, 279
428, 278
428, 276
428, 275
428, 274
428, 273
428, 272
428, 271
428, 266
428, 262
428, 261
428, 260
349, 211
393, 211
330, 180
330, 180
323, 183
321, 184
319, 187
315, 189
311, 193
308, 195
306, 196
304, 200
302, 202
298, 206
294, 210
292, 212
289, 215
287, 218
285, 221
282, 224
281, 226
278, 229
277, 232
276, 234
275, 236
272, 239
271, 240
270, 241
270, 243
269, 245
266, 249
265, 250
265, 251
263, 257
261, 261
261, 262
261, 263
260, 267
260, 269
260, 272
260, 275
260, 278
260, 282
260, 284
260, 288
260, 290
260, 294
260, 296
260, 299
260, 300
260, 301
261, 305
263, 308
264, 311
265, 314
266, 317
267, 319
269, 322
270, 324
271, 327
272, 328
274, 330
275, 331
276, 334
277, 335
280, 337
281, 339
283, 341
286, 344
288, 346
291, 348
293, 350
294, 351
297, 353
298, 355
299, 356
299, 357
302, 359
306, 363
311, 367
316, 369
319, 370
322, 373
325, 374
326, 375
327, 375
328, 375
333, 378
337, 379
340, 380
342, 380
343, 380
344, 380
347, 381
348, 381
350, 381
351, 381
354, 381
356, 381
358, 383
359, 383
361, 383
364, 383
366, 383
368, 383
371, 383
375, 383
377, 383
378, 383
381, 383
382, 383
384, 383
387, 383
388, 383
390, 383
393, 383
394, 383
395, 383
398, 383
399, 383
400, 383
403, 383
404, 383
406, 383
409, 383
410, 383
412, 383
414, 383
416, 383
417, 381
420, 381
421, 381
422, 380
424, 380
427, 379
428, 379
429, 378
432, 378
433, 376
434, 375
437, 375
438, 374
439, 373
442, 372
443, 370
445, 369
446, 368
448, 367
449, 365
450, 364
452, 363
454, 361
456, 357
457, 355
459, 352
460, 350
461, 347
462, 345
463, 344
465, 342
466, 341
467, 339
468, 336
470, 334
471, 333
472, 330
473, 328
474, 325
476, 324
477, 323
477, 322
478, 319
478, 318
478, 317
478, 316
478, 314
478, 313
478, 311
478, 309
480, 305
480, 302
480, 300
480, 299
480, 296
480, 294
480, 292
480, 290
480, 289
480, 288
480, 284
479, 280
478, 278
478, 277
477, 274
476, 273
476, 272
476, 271
476, 269
474, 267
474, 266
473, 262
472, 260
472, 258
472, 256
471, 254
471, 252
471, 251
471, 250
471, 249
470, 245
468, 243
468, 241
467, 239
466, 236
465, 233
463, 230
461, 228
461, 227
461, 226
461, 224
457, 221
457, 219
455, 217
454, 216
452, 215
451, 212
450, 211
450, 210
449, 210
449, 208
448, 208
448, 207
445, 205
444, 205
442, 202
439, 200
438, 199
435, 196
434, 195
433, 194
432, 193
431, 190
429, 189
428, 188
427, 187
426, 185
426, 184
424, 184
422, 182
421, 182
420, 182
417, 179
415, 177
414, 177
411, 176
410, 176
409, 176
407, 176
406, 176
405, 176
404, 176
403, 176
401, 176
398, 174
395, 174
393, 174
392, 174
390, 174
389, 174
388, 174
387, 174
386, 174
384, 174
383, 174
382, 174
381, 174
380, 174
378, 174
377, 174
376, 174
375, 174
374, 174
373, 174
372, 174
371, 174
370, 174
369, 174
368, 174
367, 174
366, 174
365, 174
363, 174
362, 174
361, 174
360, 174
359, 174
358, 174
357, 174
356, 174
356, 174
355, 174
354, 174
353, 174
352, 174
351, 174
350, 174
349, 174
348, 174
347, 174
345, 175
343, 177
341, 178
341, 179
339, 179
339, 180
339, 180
338, 180
337, 180
336, 180
336, 180
335, 180
334, 180
333, 180
333, 180
332, 180
332, 180
332, 181